.Random.seed <-
c(403L, 10L, 701114332L, 1198565855L, -744378955L, 1061124940L, 
-1969088094L, 1142216957L, 1216464375L, -551140578L, 28769752L, 
-1999890629L, -707297063L, -1311765400L, -1681378922L, -481087215L, 
-652467517L, -1134978350L, -1914754204L, 1119936167L, -343226371L, 
-1159462412L, 2129473242L, -1828024283L, -91759297L, 725103302L, 
1762287440L, 982761331L, -859618927L, 597529536L, -2084178530L, 
-1105279127L, 1557742491L, -2111329622L, -1279621940L, -1256473201L, 
874977733L, -647012996L, -1073388078L, 1507942733L, -1799150585L, 
-1105112082L, -131532088L, -1266764341L, -307236823L, -1844570504L, 
-1665879130L, -2070538815L, -1950961069L, 2104080642L, -1586319308L, 
-487536201L, -894952019L, 1432123076L, -414360854L, 1911135573L, 
-2080877841L, -13913866L, 313872416L, 289845731L, -1370172799L, 
-1726268176L, -262802546L, 1514425593L, -2070645109L, -1322481990L, 
-1000207940L, -1369670913L, -2045591979L, 1104202092L, -451978814L, 
-1413066211L, -1759458665L, 1470891006L, 2003558328L, 310072219L, 
-1544553991L, 1975126344L, -677170058L, 614392241L, 795430883L, 
92851378L, -1726709500L, 1444833863L, 1520864541L, 767277972L, 
-863375558L, 1713509253L, 474974303L, 1180154598L, 861978992L, 
-524596589L, 118879025L, -533483040L, -1210988930L, -1491555063L, 
-442663109L, -434694390L, -576256276L, -1531186321L, -1965980507L, 
-198756772L, 1967799858L, -804709075L, -614102041L, 1551133454L, 
647433448L, -312858901L, 2116044681L, -98012392L, -120338874L, 
-1850386783L, -1593853645L, 451319970L, 1950554004L, -353454569L, 
1858626061L, -2006943964L, -1580780790L, 404274805L, 979107279L, 
-1401936170L, 1745726080L, 1381962947L, -1415064991L, 479832784L, 
1546505262L, 298852825L, -904872469L, 1467406426L, -355902948L, 
-2023081185L, -2080182411L, 798504460L, 1063219170L, 1441338557L, 
-324463817L, -1075020834L, -822462184L, -1445262213L, 1434202649L, 
1594667688L, -1967237034L, 1207481553L, -431370109L, -1391729902L, 
-417892700L, -356113817L, 494123965L, 1842165044L, 1501138586L, 
1179327717L, 1242291839L, 175933446L, 295381904L, -359008717L, 
261055953L, 1105377152L, 897952350L, -792555095L, -943062949L, 
-1507862422L, -1531234036L, -891235505L, 129339397L, -873845060L, 
-499013742L, 1025168525L, 1575654087L, -2040003666L, -233857528L, 
2054558219L, -271301911L, -1975685704L, 1149307494L, -811911423L, 
-1788362349L, 451107394L, 518335988L, 332355575L, 2070563821L, 
1475044484L, -1403340118L, 1508683797L, 1361180847L, -1182427466L, 
-1862277920L, 2006722595L, -1956202687L, -1438074320L, 522561614L, 
-1886463815L, 1558777035L, -785985158L, 636767356L, -422336321L, 
1249107349L, 680500652L, -504137854L, 366468445L, -793062313L, 
895464254L, -140829832L, -1612064677L, -1526997063L, -1730650616L, 
-1580151626L, 780819441L, -1132943837L, -1833773454L, 1908214980L, 
-450442617L, -1929690531L, 14795860L, 759484026L, -269226555L, 
-1375908065L, -1390855514L, 848821296L, -1743823149L, -469549839L, 
-2108925920L, -1770422594L, -1508091191L, -1788661637L, -1322766774L, 
-426157396L, 1740688815L, -1444872859L, 65651252L, -1456735288L, 
-522656582L, -808218736L, -304071188L, -318676908L, 27627154L, 
862417696L, 704632268L, 1886829536L, -1228494142L, 1965402664L, 
-273119572L, 1418799804L, -1217480206L, 998893872L, -1251681116L, 
-1441641800L, -809012390L, 450991504L, 1106395516L, 1585444116L, 
-1744293566L, -628147456L, 2114804668L, -1286479024L, -1589225182L, 
-199361208L, -1224865780L, 1298792540L, 326380754L, 285132800L, 
-1030718636L, 571632104L, 433364986L, 1886740176L, -443583188L, 
-477933324L, -1837009006L, 1406770272L, -1569297140L, 1850638048L, 
-2083201694L, 742240936L, -1562908084L, 1184319356L, -2105705678L, 
-559274384L, -188953276L, 198269912L, -1060364166L, -1424706000L, 
-2093296964L, -1524914348L, -1233825214L, 767316896L, 1810378940L, 
-972797488L, -297257630L, 1994177512L, -774258740L, -902392068L, 
-35954702L, 2061266048L, -1409156876L, 1808012424L, -1611930310L, 
-921066672L, -1909322644L, 569086100L, -1191069358L, -641005856L, 
1360724172L, -1470353248L, -853790334L, -296587032L, -1776328468L, 
-182206404L, 745554034L, -856905616L, -1692640732L, -531709384L, 
566940186L, -2129561392L, -1441196484L, -1998056300L, 1583260802L, 
-323342400L, 604394812L, 1061906064L, 1459403810L, 1188055048L, 
-594987892L, 328386588L, -906525550L, 50576512L, -157434860L, 
701305640L, -385397702L, 249707728L, 1842203756L, 931690164L, 
-190308334L, -1608515616L, 1006433228L, 2126951904L, 1550236706L, 
1785394472L, -722181876L, 1312054844L, -770059022L, -1606969104L, 
127141700L, 1275396184L, 410679866L, 1634199792L, -1856965956L, 
-519941612L, 7572674L, 1683334752L, 352531836L, -1987687216L, 
-1206805470L, -592967512L, 2002795916L, -1668732484L, -291743694L, 
-601392320L, -1580071244L, 992424264L, -1714085190L, -1618815216L, 
483035372L, -835577772L, -319033582L, 1401029024L, -926822452L, 
1890768736L, 960296130L, -2032706008L, -873526868L, -541961412L, 
-772394126L, 858691376L, -1330485212L, 1133215288L, 2096288474L, 
-1532549232L, 1523477756L, -1402546796L, 534057794L, -1301853696L, 
1037740092L, 876833360L, 331382946L, -117533880L, 630383116L, 
275329756L, -460658606L, 1373383808L, -1412763820L, 1871413224L, 
1207827194L, 8994640L, -86862804L, -13799052L, 1196947090L, 863378016L, 
-1346152308L, -1427306144L, -1183225630L, 250471592L, 1583636172L, 
1426647548L, -1554598990L, -1720779792L, 1362766276L, -969200296L, 
1011620218L, -1332012624L, -1689787972L, -1143206316L, 1113700802L, 
1337903904L, -1944790084L, -1218318256L, -1545296926L, 748275560L, 
21323596L, 1639223036L, 754585330L, 815844608L, 274621556L, 2055826952L, 
587693498L, -1892514352L, -128405524L, -1378317420L, -794677038L, 
-799425440L, -1601079988L, 1875348256L, -1247544702L, 1130635752L, 
-916495380L, -1043196356L, -1530937742L, 4322160L, 1162726692L, 
481155640L, -1810394726L, -909851184L, 447800764L, 377308820L, 
-1683651966L, 1631262144L, 241184572L, 976253584L, -14948574L, 
1252021768L, -1498447092L, 1000987548L, -1913912302L, 211800960L, 
-676787436L, -1756908248L, -196571078L, -1607656712L, -1239404842L, 
851082083L, -123538651L, 1359184066L, -136213072L, -122016295L, 
23776075L, -818775620L, 1602935274L, 265362975L, 1697217705L, 
555574334L, 1104641324L, 489711485L, 1437140423L, 623976624L, 
-1552277810L, 2139382779L, 332784733L, -496403574L, 774687656L, 
714361105L, -428933117L, -90930428L, -881541326L, 263396743L, 
-1000569903L, 428842326L, 639259444L, -1695838651L, 1473321615L, 
437457928L, 1422737446L, -276971309L, 2108060213L, 79712658L, 
-339798688L, 1726610633L, 1732280315L, 1746665420L, 1654198874L, 
2132668239L, 2125667865L, 2087263278L, 1943831100L, 277151661L, 
-1700480937L, 911728032L, 1333038846L, 536874443L, -1328833587L, 
1329123066L, -1242421960L, 108334817L, 1360552339L, -1428469324L, 
-1124312382L, 334605015L, 1718180641L, 1980316390L, -1981760540L, 
993508117L, 210412351L, 249120472L, 1855308534L, 101219587L, 
-1622124987L, 419098210L, 367257040L, 771183353L, -486301653L, 
-1578930276L, -1735327798L, 1575024831L, -1299518967L, 992322334L, 
-95499572L, -608763235L, -219328729L, 1703428432L, -1198100498L, 
-1393594213L, -2055963907L, 457023978L, -1504802168L, -1463411663L, 
-1014305117L, -131004764L, 1789937490L, -211358041L, 531108593L, 
1501166134L, 1549735636L, 1779219045L, 1651169391L, 803338920L, 
1833093126L, 1619928371L, 1728309653L, -1573636622L, 515443264L, 
290317225L, -1401291237L, -13625364L, 491667450L, -1474436049L, 
1528583225L, 1321272910L, 438466204L, 360696845L, -2056171401L, 
-1527195520L, 1193926366L, -642632277L, 1068893869L, 1305205530L, 
-294337576L, -1604509631L, 721702643L, -1712180972L, -228801374L, 
776348087L, -323164799L, -744655994L, -968212028L, 886319349L, 
-124458657L, 747381688L, 1071777430L, 1300205731L, -131851675L, 
-1011593342L, -1500429072L, 115006617L, 79688843L, 653458812L, 
839142314L, -1362129953L, -1641815703L, 2048118142L, -167686804L, 
1404556733L, 436721287L, 2041328240L, 1967462670L, -1606023621L, 
